%YAML:1.0
---
CameraMatrix: !!opencv-matrix
   rows: 3
   cols: 3
   dt: d
   data: [ 4.0210557173500592e+02, 0., 2.9742127951802951e+02, 0.,
       5.3637265854607551e+02, 1.8920604507266313e+02, 0., 0., 1. ]
DistCoeffs: !!opencv-matrix
   rows: 1
   cols: 5
   dt: d
   data: [ -3.4949737631291622e-01, 1.6055963660655384e-01,
       1.6687608593310311e-03, -1.0395181193709594e-03,
       -4.0895861352939038e-02 ]
